,Four Quarter Average Score,Provider State,0,1,2,3,4,5,6,7,8,9,10,11,12,13,14,15,16,17
211469,0.0,PR,-0.17679230038878962,-0.18191553600142626,-0.2404597731598331,-0.18163323697602643,-0.10060100033623935,-0.14264803478496624,-6.933010340153942e-12,-1.6989200410833388e-12,0.3522166804784687,-0.3960139703414419,-0.6894981186480127,-0.0645737809037697,-0.012831371404788527,0.036269536332868064,-0.0179881454559929,0.00454219963818168,2.1883855678476898e-07,-2.4085309916414406e-19
211470,0.0,PR,-0.17679230038878513,-0.18191553600144775,-0.24045977315960368,-0.18163323697579728,-0.10060100033535857,-0.14264803478589558,-4.964757353421406e-12,9.246914969099616e-13,0.3522166804792778,-0.39601397033460595,0.6894981186515221,-0.06457378090373561,-0.012831371404672807,0.03626953633286581,-0.017988145455987255,0.004542199638181539,2.1883855679005926e-07,1.1413595556956177e-19
211471,0.0,PR,-0.1713903706983703,-0.17694731073159428,-0.28176152377860947,-0.07665939144860473,-0.3488551086081109,0.8164307097153518,4.3179878249378896e-11,-2.3268943978828075e-12,-0.0407451517457272,0.1563361971654873,3.923805518438784e-14,-0.04981874291019064,-0.007436457115803036,0.027285044239190752,-0.008902023923700804,0.0030791615642070096,2.4113676148116824e-07,4.8532854268291146e-20
211472,94.117646,PR,0.6912210362708568,0.01954202087692724,0.05129797341881402,-0.1470118745323729,0.005085049173106006,0.004793836608776258,1.9986516758091768e-13,-5.3616243116368114e-14,-0.006980999509790787,-0.0006917071900058068,-5.338294019805697e-14,-0.03748866323368259,0.4259986579464119,0.026196832893816552,0.1351099189900112,-0.1287788344560854,0.0004461126503023369,1.4261037451488469e-19
211473,3.030304,PR,-0.3630649439998542,0.6944933348889332,0.10579896385701013,-0.13725060996382027,0.006709702909723441,0.006653215571427854,2.9838367201700994e-13,-8.498972327219039e-15,-0.008292917967407451,0.0019766223309777113,1.4512810560884385e-15,-0.17616487384120016,-0.025402712978331597,-0.07839699561947205,0.3533562613507783,0.0941658697612657,-9.956283502431128e-10,3.745443026389957e-19
211474,99.271254,PR,0.7220029202597037,0.10571034982112378,0.01586853654788173,0.0766800619136546,-0.003048191332928596,-0.0029242880343272994,-1.1264465066834141e-13,-6.100788503306898e-15,0.006035975891732828,0.0021136044187382752,-7.715314890084869e-14,-0.08859951915533607,0.39570757419877267,0.024782134555104248,-0.1206604156540773,0.1312697605400007,-0.0004735831411097865,-4.857865889085841e-19
211475,0.991326,PR,-0.25838712053718815,0.7296339600223397,0.057007443686860136,0.1459034800872344,-0.0026878183179881716,-0.0021118318319636228,-5.487802847328411e-14,5.5701657909932144e-14,0.006381944656364362,0.005722273687974619,-1.8813992746325798e-14,-0.33993847765536,-0.04657120411176099,-0.1170657930879743,-0.27958009224159364,-0.10503812551263061,1.7634030664963986e-07,1.4827248186836158e-19
211477,52.941178,PR,-0.3146944767443657,0.4864834673169862,0.07175543416148798,-0.22169731860411995,0.012414252835008476,0.01231131164400644,5.575847902777378e-13,-3.106512547675529e-14,-0.02068735839205416,-0.002257390092729536,9.664495587145504e-15,0.6262667143693625,0.08376153203197281,0.26991955568102854,-0.10169010522777204,-0.0033295084981110334,1.7330045842697906e-07,2.4488536322064173e-19
211479,90.47619,PR,0.7019329093357262,0.021163484399358744,0.05452147813857121,-0.15493610774372418,0.008118305946770528,0.008084282239666634,3.295912972702751e-13,5.963657571024306e-14,-0.012785460280747214,-0.00039292324638866597,8.120906210412072e-14,0.08805849264878557,-0.41218478052186147,-0.017570818870973916,0.11775207419856834,-0.11462045789689285,-0.0005041386774456972,1.0816231815516079e-19
211480,72.119065,PR,-0.04505430823669987,0.025713987665370048,-0.2634103391813641,0.9007274619769857,-0.07177054647482412,-0.07370688729165267,-3.050424623299758e-12,8.25477318741574e-14,0.12178279554612095,0.0002531312547610562,-1.749360329002841e-13,0.17089515806563998,0.0054983315576373915,0.05875599913220825,0.1207979234206052,-0.024366871853938266,2.371736597885779e-07,1.9172549551747734e-20
211481,94.004796,PR,0.7335157516776228,0.09878834425560191,0.02320014210961596,0.04483650900661513,0.0007061313131932764,0.0010284991478784202,4.3159365822680537e-14,6.430275477819895e-14,-0.0008541426432855093,0.002111585219758401,4.861562565192112e-14,0.03615429549654063,-0.39790709729294577,-0.016622253866933327,-0.10964566979812951,0.11694505255728703,0.0005288807472546457,1.946810552166491e-20
211492,99.78308,PR,0.7220029202597037,0.10571034982112378,0.01586853654788173,0.0766800619136546,-0.003048191332928596,-0.0029242880343272994,-1.1264465066834141e-13,-6.100788503306898e-15,0.006035975891732828,0.0021136044187382752,-7.715314890084869e-14,-0.08859951915533607,0.39570757419877267,0.024782134555104248,-0.1206604156540773,0.1312697605400007,-0.0004735831411097865,-4.857865889085841e-19
211493,0.268098,PR,-0.25838712053718815,0.7296339600223397,0.057007443686860136,0.1459034800872344,-0.0026878183179881716,-0.0021118318319636228,-5.487802847328411e-14,5.5701657909932144e-14,0.006381944656364362,0.005722273687974619,-1.8813992746325798e-14,-0.33993847765536,-0.04657120411176099,-0.1170657930879743,-0.27958009224159364,-0.10503812551263061,1.7634030664963986e-07,1.4827248186836158e-19
211498,71.292316,PR,-0.04505430823669987,0.025713987665370048,-0.2634103391813641,0.9007274619769857,-0.07177054647482412,-0.07370688729165267,-3.050424623299758e-12,8.25477318741574e-14,0.12178279554612095,0.0002531312547610562,-1.749360329002841e-13,0.17089515806563998,0.0054983315576373915,0.05875599913220825,0.1207979234206052,-0.024366871853938266,2.371736597885779e-07,1.9172549551747734e-20
211499,97.931034,PR,0.7335157516776228,0.09878834425560191,0.02320014210961596,0.04483650900661513,0.0007061313131932764,0.0010284991478784202,4.3159365822680537e-14,6.430275477819895e-14,-0.0008541426432855093,0.002111585219758401,4.861562565192112e-14,0.03615429549654063,-0.39790709729294577,-0.016622253866933327,-0.10964566979812951,0.11694505255728703,0.0005288807472546457,1.946810552166491e-20
211510,97.16636,PR,0.7220029202597037,0.10571034982112378,0.01586853654788173,0.0766800619136546,-0.003048191332928596,-0.0029242880343272994,-1.1264465066834141e-13,-6.100788503306898e-15,0.006035975891732828,0.0021136044187382752,-7.715314890084869e-14,-0.08859951915533607,0.39570757419877267,0.024782134555104248,-0.1206604156540773,0.1312697605400007,-0.0004735831411097865,-4.857865889085841e-19
211511,0.615765,PR,-0.25838712053718815,0.7296339600223397,0.057007443686860136,0.1459034800872344,-0.0026878183179881716,-0.0021118318319636228,-5.487802847328411e-14,5.5701657909932144e-14,0.006381944656364362,0.005722273687974619,-1.8813992746325798e-14,-0.33993847765536,-0.04657120411176099,-0.1170657930879743,-0.27958009224159364,-0.10503812551263061,1.7634030664963986e-07,1.4827248186836158e-19
211516,91.562614,PR,-0.04505430823669987,0.025713987665370048,-0.2634103391813641,0.9007274619769857,-0.07177054647482412,-0.07370688729165267,-3.050424623299758e-12,8.25477318741574e-14,0.12178279554612095,0.0002531312547610562,-1.749360329002841e-13,0.17089515806563998,0.0054983315576373915,0.05875599913220825,0.1207979234206052,-0.024366871853938266,2.371736597885779e-07,1.9172549551747734e-20
211517,97.206704,PR,0.7335157516776228,0.09878834425560191,0.02320014210961596,0.04483650900661513,0.0007061313131932764,0.0010284991478784202,4.3159365822680537e-14,6.430275477819895e-14,-0.0008541426432855093,0.002111585219758401,4.861562565192112e-14,0.03615429549654063,-0.39790709729294577,-0.016622253866933327,-0.10964566979812951,0.11694505255728703,0.0005288807472546457,1.946810552166491e-20
211528,99.136441,PR,0.7220029202597037,0.10571034982112378,0.01586853654788173,0.0766800619136546,-0.003048191332928596,-0.0029242880343272994,-1.1264465066834141e-13,-6.100788503306898e-15,0.006035975891732828,0.0021136044187382752,-7.715314890084869e-14,-0.08859951915533607,0.39570757419877267,0.024782134555104248,-0.1206604156540773,0.1312697605400007,-0.0004735831411097865,-4.857865889085841e-19
211529,0.0,PR,-0.25838712053718815,0.7296339600223397,0.057007443686860136,0.1459034800872344,-0.0026878183179881716,-0.0021118318319636228,-5.487802847328411e-14,5.5701657909932144e-14,0.006381944656364362,0.005722273687974619,-1.8813992746325798e-14,-0.33993847765536,-0.04657120411176099,-0.1170657930879743,-0.27958009224159364,-0.10503812551263061,1.7634030664963986e-07,1.4827248186836158e-19
211534,88.773514,PR,-0.04505430823669987,0.025713987665370048,-0.2634103391813641,0.9007274619769857,-0.07177054647482412,-0.07370688729165267,-3.050424623299758e-12,8.25477318741574e-14,0.12178279554612095,0.0002531312547610562,-1.749360329002841e-13,0.17089515806563998,0.0054983315576373915,0.05875599913220825,0.1207979234206052,-0.024366871853938266,2.371736597885779e-07,1.9172549551747734e-20
211535,99.601594,PR,0.7335157516776228,0.09878834425560191,0.02320014210961596,0.04483650900661513,0.0007061313131932764,0.0010284991478784202,4.3159365822680537e-14,6.430275477819895e-14,-0.0008541426432855093,0.002111585219758401,4.861562565192112e-14,0.03615429549654063,-0.39790709729294577,-0.016622253866933327,-0.10964566979812951,0.11694505255728703,0.0005288807472546457,1.946810552166491e-20
211541,0.0,PR,-0.17679230038878962,-0.18191553600142626,-0.2404597731598331,-0.18163323697602643,-0.10060100033623935,-0.14264803478496624,-6.933010340153942e-12,-1.6989200410833388e-12,0.3522166804784687,-0.3960139703414419,-0.6894981186480127,-0.0645737809037697,-0.012831371404788527,0.036269536332868064,-0.0179881454559929,0.00454219963818168,2.1883855678476898e-07,-2.4085309916414406e-19
211542,0.0,PR,-0.17679230038878513,-0.18191553600144775,-0.24045977315960368,-0.18163323697579728,-0.10060100033535857,-0.14264803478589558,-4.964757353421406e-12,9.246914969099616e-13,0.3522166804792778,-0.39601397033460595,0.6894981186515221,-0.06457378090373561,-0.012831371404672807,0.03626953633286581,-0.017988145455987255,0.004542199638181539,2.1883855679005926e-07,1.1413595556956177e-19
211543,0.0,PR,-0.1713903706983703,-0.17694731073159428,-0.28176152377860947,-0.07665939144860473,-0.3488551086081109,0.8164307097153518,4.3179878249378896e-11,-2.3268943978828075e-12,-0.0407451517457272,0.1563361971654873,3.923805518438784e-14,-0.04981874291019064,-0.007436457115803036,0.027285044239190752,-0.008902023923700804,0.0030791615642070096,2.4113676148116824e-07,4.8532854268291146e-20
211544,100.0,PR,0.6912210362708568,0.01954202087692724,0.05129797341881402,-0.1470118745323729,0.005085049173106006,0.004793836608776258,1.9986516758091768e-13,-5.3616243116368114e-14,-0.006980999509790787,-0.0006917071900058068,-5.338294019805697e-14,-0.03748866323368259,0.4259986579464119,0.026196832893816552,0.1351099189900112,-0.1287788344560854,0.0004461126503023369,1.4261037451488469e-19
211545,0.0,PR,-0.3630649439998542,0.6944933348889332,0.10579896385701013,-0.13725060996382027,0.006709702909723441,0.006653215571427854,2.9838367201700994e-13,-8.498972327219039e-15,-0.008292917967407451,0.0019766223309777113,1.4512810560884385e-15,-0.17616487384120016,-0.025402712978331597,-0.07839699561947205,0.3533562613507783,0.0941658697612657,-9.956283502431128e-10,3.745443026389957e-19
211546,100.0,PR,0.7220029202597037,0.10571034982112378,0.01586853654788173,0.0766800619136546,-0.003048191332928596,-0.0029242880343272994,-1.1264465066834141e-13,-6.100788503306898e-15,0.006035975891732828,0.0021136044187382752,-7.715314890084869e-14,-0.08859951915533607,0.39570757419877267,0.024782134555104248,-0.1206604156540773,0.1312697605400007,-0.0004735831411097865,-4.857865889085841e-19
211547,1.11111,PR,-0.25838712053718815,0.7296339600223397,0.057007443686860136,0.1459034800872344,-0.0026878183179881716,-0.0021118318319636228,-5.487802847328411e-14,5.5701657909932144e-14,0.006381944656364362,0.005722273687974619,-1.8813992746325798e-14,-0.33993847765536,-0.04657120411176099,-0.1170657930879743,-0.27958009224159364,-0.10503812551263061,1.7634030664963986e-07,1.4827248186836158e-19
211549,25.0,PR,-0.3146944767443657,0.4864834673169862,0.07175543416148798,-0.22169731860411995,0.012414252835008476,0.01231131164400644,5.575847902777378e-13,-3.106512547675529e-14,-0.02068735839205416,-0.002257390092729536,9.664495587145504e-15,0.6262667143693625,0.08376153203197281,0.26991955568102854,-0.10169010522777204,-0.0033295084981110334,1.7330045842697906e-07,2.4488536322064173e-19
211551,100.0,PR,0.7019329093357262,0.021163484399358744,0.05452147813857121,-0.15493610774372418,0.008118305946770528,0.008084282239666634,3.295912972702751e-13,5.963657571024306e-14,-0.012785460280747214,-0.00039292324638866597,8.120906210412072e-14,0.08805849264878557,-0.41218478052186147,-0.017570818870973916,0.11775207419856834,-0.11462045789689285,-0.0005041386774456972,1.0816231815516079e-19
211552,73.844339,PR,-0.04505430823669987,0.025713987665370048,-0.2634103391813641,0.9007274619769857,-0.07177054647482412,-0.07370688729165267,-3.050424623299758e-12,8.25477318741574e-14,0.12178279554612095,0.0002531312547610562,-1.749360329002841e-13,0.17089515806563998,0.0054983315576373915,0.05875599913220825,0.1207979234206052,-0.024366871853938266,2.371736597885779e-07,1.9172549551747734e-20
211553,99.72752,PR,0.7335157516776228,0.09878834425560191,0.02320014210961596,0.04483650900661513,0.0007061313131932764,0.0010284991478784202,4.3159365822680537e-14,6.430275477819895e-14,-0.0008541426432855093,0.002111585219758401,4.861562565192112e-14,0.03615429549654063,-0.39790709729294577,-0.016622253866933327,-0.10964566979812951,0.11694505255728703,0.0005288807472546457,1.946810552166491e-20
211564,86.567166,PR,0.7220029202597037,0.10571034982112378,0.01586853654788173,0.0766800619136546,-0.003048191332928596,-0.0029242880343272994,-1.1264465066834141e-13,-6.100788503306898e-15,0.006035975891732828,0.0021136044187382752,-7.715314890084869e-14,-0.08859951915533607,0.39570757419877267,0.024782134555104248,-0.1206604156540773,0.1312697605400007,-0.0004735831411097865,-4.857865889085841e-19
211565,5.494505,PR,-0.25838712053718815,0.7296339600223397,0.057007443686860136,0.1459034800872344,-0.0026878183179881716,-0.0021118318319636228,-5.487802847328411e-14,5.5701657909932144e-14,0.006381944656364362,0.005722273687974619,-1.8813992746325798e-14,-0.33993847765536,-0.04657120411176099,-0.1170657930879743,-0.27958009224159364,-0.10503812551263061,1.7634030664963986e-07,1.4827248186836158e-19
211570,69.144223,PR,-0.04505430823669987,0.025713987665370048,-0.2634103391813641,0.9007274619769857,-0.07177054647482412,-0.07370688729165267,-3.050424623299758e-12,8.25477318741574e-14,0.12178279554612095,0.0002531312547610562,-1.749360329002841e-13,0.17089515806563998,0.0054983315576373915,0.05875599913220825,0.1207979234206052,-0.024366871853938266,2.371736597885779e-07,1.9172549551747734e-20
211571,86.956522,PR,0.7335157516776228,0.09878834425560191,0.02320014210961596,0.04483650900661513,0.0007061313131932764,0.0010284991478784202,4.3159365822680537e-14,6.430275477819895e-14,-0.0008541426432855093,0.002111585219758401,4.861562565192112e-14,0.03615429549654063,-0.39790709729294577,-0.016622253866933327,-0.10964566979812951,0.11694505255728703,0.0005288807472546457,1.946810552166491e-20
258107,0.0,GU,-0.17679230038878962,-0.18191553600142626,-0.2404597731598331,-0.18163323697602643,-0.10060100033623935,-0.14264803478496624,-6.933010340153942e-12,-1.6989200410833388e-12,0.3522166804784687,-0.3960139703414419,-0.6894981186480127,-0.0645737809037697,-0.012831371404788527,0.036269536332868064,-0.0179881454559929,0.00454219963818168,2.1883855678476898e-07,-2.4085309916414406e-19
258108,0.0,GU,-0.17679230038878513,-0.18191553600144775,-0.24045977315960368,-0.18163323697579728,-0.10060100033535857,-0.14264803478589558,-4.964757353421406e-12,9.246914969099616e-13,0.3522166804792778,-0.39601397033460595,0.6894981186515221,-0.06457378090373561,-0.012831371404672807,0.03626953633286581,-0.017988145455987255,0.004542199638181539,2.1883855679005926e-07,1.1413595556956177e-19
258109,0.0,GU,-0.1713903706983703,-0.17694731073159428,-0.28176152377860947,-0.07665939144860473,-0.3488551086081109,0.8164307097153518,4.3179878249378896e-11,-2.3268943978828075e-12,-0.0407451517457272,0.1563361971654873,3.923805518438784e-14,-0.04981874291019064,-0.007436457115803036,0.027285044239190752,-0.008902023923700804,0.0030791615642070096,2.4113676148116824e-07,4.8532854268291146e-20
258110,100.0,GU,0.6912210362708568,0.01954202087692724,0.05129797341881402,-0.1470118745323729,0.005085049173106006,0.004793836608776258,1.9986516758091768e-13,-5.3616243116368114e-14,-0.006980999509790787,-0.0006917071900058068,-5.338294019805697e-14,-0.03748866323368259,0.4259986579464119,0.026196832893816552,0.1351099189900112,-0.1287788344560854,0.0004461126503023369,1.4261037451488469e-19
258111,10.0,GU,-0.3630649439998542,0.6944933348889332,0.10579896385701013,-0.13725060996382027,0.006709702909723441,0.006653215571427854,2.9838367201700994e-13,-8.498972327219039e-15,-0.008292917967407451,0.0019766223309777113,1.4512810560884385e-15,-0.17616487384120016,-0.025402712978331597,-0.07839699561947205,0.3533562613507783,0.0941658697612657,-9.956283502431128e-10,3.745443026389957e-19
258112,97.435897,GU,0.7220029202597037,0.10571034982112378,0.01586853654788173,0.0766800619136546,-0.003048191332928596,-0.0029242880343272994,-1.1264465066834141e-13,-6.100788503306898e-15,0.006035975891732828,0.0021136044187382752,-7.715314890084869e-14,-0.08859951915533607,0.39570757419877267,0.024782134555104248,-0.1206604156540773,0.1312697605400007,-0.0004735831411097865,-4.857865889085841e-19
258113,0.0,GU,-0.25838712053718815,0.7296339600223397,0.057007443686860136,0.1459034800872344,-0.0026878183179881716,-0.0021118318319636228,-5.487802847328411e-14,5.5701657909932144e-14,0.006381944656364362,0.005722273687974619,-1.8813992746325798e-14,-0.33993847765536,-0.04657120411176099,-0.1170657930879743,-0.27958009224159364,-0.10503812551263061,1.7634030664963986e-07,1.4827248186836158e-19
258115,0.0,GU,-0.3146944767443657,0.4864834673169862,0.07175543416148798,-0.22169731860411995,0.012414252835008476,0.01231131164400644,5.575847902777378e-13,-3.106512547675529e-14,-0.02068735839205416,-0.002257390092729536,9.664495587145504e-15,0.6262667143693625,0.08376153203197281,0.26991955568102854,-0.10169010522777204,-0.0033295084981110334,1.7330045842697906e-07,2.4488536322064173e-19
258117,80.0,GU,0.7019329093357262,0.021163484399358744,0.05452147813857121,-0.15493610774372418,0.008118305946770528,0.008084282239666634,3.295912972702751e-13,5.963657571024306e-14,-0.012785460280747214,-0.00039292324638866597,8.120906210412072e-14,0.08805849264878557,-0.41218478052186147,-0.017570818870973916,0.11775207419856834,-0.11462045789689285,-0.0005041386774456972,1.0816231815516079e-19
258118,4.276807,GU,-0.04505430823669987,0.025713987665370048,-0.2634103391813641,0.9007274619769857,-0.07177054647482412,-0.07370688729165267,-3.050424623299758e-12,8.25477318741574e-14,0.12178279554612095,0.0002531312547610562,-1.749360329002841e-13,0.17089515806563998,0.0054983315576373915,0.05875599913220825,0.1207979234206052,-0.024366871853938266,2.371736597885779e-07,1.9172549551747734e-20
258119,81.25,GU,0.7335157516776228,0.09878834425560191,0.02320014210961596,0.04483650900661513,0.0007061313131932764,0.0010284991478784202,4.3159365822680537e-14,6.430275477819895e-14,-0.0008541426432855093,0.002111585219758401,4.861562565192112e-14,0.03615429549654063,-0.39790709729294577,-0.016622253866933327,-0.10964566979812951,0.11694505255728703,0.0005288807472546457,1.946810552166491e-20
